Weighted bin position vs. time shift
0.500 -5.44000
0.517 -4.84250
0.533 -4.26500
0.550 -3.71000
0.567 -3.18000
0.583 -2.66250
0.600 -2.17250
0.617 -1.69000
0.633 -1.23000
0.650 -0.78000
0.667 -0.34250
0.683  0.08250
0.700  0.50250
0.717  0.90500
0.733  1.30500
0.750  1.69500
0.767  2.07750
0.783  2.45750
0.800  2.82500
0.817  3.19250
0.833  3.55750
0.850  3.91750
0.867  4.27500
0.883  4.63000
0.900  4.98500
0.917  5.33750
0.933  5.69500
0.950  6.05000
0.967  6.40500
0.983  6.77000
1.000  7.13500
1.017  7.50000
1.033  7.88250
1.050  8.26500
1.067  8.66000
1.083  9.07000
1.100  9.48250
1.117  9.92750
1.133 10.37750
1.150 10.87500
1.167 11.38000
1.183 11.95250
1.200 12.55000
1.217 13.22750
1.233 13.98500
1.250 14.81500
1.267 15.71500
1.283 16.63750
1.300 17.53750
1.317 18.38500
1.333 19.16500
1.350 19.89750
1.367 20.59250
1.383 21.24250
1.400 21.85250
1.417 22.44500
1.433 22.99500
1.450 23.53250
1.467 24.03750
1.483 24.53250
1.500 25.00000
